#
#
#  Percent Identity  Matrix - created by Clustal2.1 
#
#

     1: 1VHB_1|Chains  100.00   15.38   16.42   14.29   14.29   13.53   14.29   14.81   15.56   14.81   14.81
     2: 1GCW_2|Chains   15.38  100.00   29.55   38.52   33.33   35.56   34.33   33.83   30.83   30.08   30.08
     3: 1GCW_1|Chains   16.42   29.55  100.00   31.16   28.26   31.16   31.16   40.00   40.00   40.71   40.00
     4: 1HBR_2|Chains   14.29   38.52   31.16  100.00   67.81   69.18   63.45   46.76   39.57   40.29   40.29
     5: 2D5X_2|Chain    14.29   33.33   28.26   67.81  100.00   83.56   81.38   43.88   42.45   43.88   43.88
     6: 1A3N_2|Chains   13.53   35.56   31.16   69.18   83.56  100.00   84.14   43.17   43.17   42.45   42.45
     7: 1HDA_2|Chains   14.29   34.33   31.16   63.45   81.38   84.14  100.00   42.45   42.45   41.73   41.73
     8: 1HBR_1|Chains   14.81   33.83   40.00   46.76   43.88   43.17   42.45  100.00   59.57   59.57   60.28
     9: 1A3N_1|Chains   15.56   30.83   40.00   39.57   42.45   43.17   42.45   59.57  100.00   87.94   87.94
    10: 1HDA_1|Chains   14.81   30.08   40.71   40.29   43.88   42.45   41.73   59.57   87.94  100.00   87.94
    11: 2D5X_1|Chain    14.81   30.08   40.00   40.29   43.88   42.45   41.73   60.28   87.94   87.94  100.00
